[gd_scene load_steps=36 format=3 uid="uid://srcm6edfpyg2"]

[ext_resource type="PackedScene" uid="uid://cc1m2a1obsyn4" path="res://addons/fpc/character.tscn" id="1_ig7tw"]
[ext_resource type="PackedScene" uid="uid://b3njdfw5ehyqs" path="res://controllers/picker/picker.tscn" id="2_0xm2m"]
[ext_resource type="PackedScene" uid="uid://c6efs7uxfi5sv" path="res://controllers/game/game.tscn" id="2_efxa6"]
[ext_resource type="PackedScene" uid="uid://8118vdtuu1vh" path="res://models/Attic/scene.gltf" id="3_272bh"]
[ext_resource type="PackedScene" uid="uid://b3sn7b3h2ri6u" path="res://controllers/hud/hud.tscn" id="3_dg77c"]
[ext_resource type="PackedScene" uid="uid://dt0ucid6bd5ea" path="res://rigidbodies/plasticContainers/plasticContainer_01.tscn" id="4_kek77"]
[ext_resource type="PackedScene" uid="uid://3em8osdjeuna" path="res://rigidbodies/plasticContainers/plasticContainer_05.tscn" id="6_272bh"]
[ext_resource type="PackedScene" uid="uid://dmdqxmr6cg45c" path="res://rigidbodies/alarm_clock.tscn" id="7_dg77c"]
[ext_resource type="PackedScene" uid="uid://cr0jvvlcvjj2v" path="res://rigidbodies/plasticContainers/plasticContainer_06.tscn" id="8_kek77"]
[ext_resource type="PackedScene" uid="uid://0ttmjxxhkwlw" path="res://rigidbodies/plasticContainers/plasticContainer_07.tscn" id="9_4c57u"]
[ext_resource type="PackedScene" uid="uid://7mx4qdxcg77v" path="res://rigidbodies/watermelon.tscn" id="10_4c57u"]
[ext_resource type="PackedScene" uid="uid://cpxjgrkja82oi" path="res://rigidbodies/baseball_ball.tscn" id="12_dg77c"]
[ext_resource type="PackedScene" uid="uid://jecafmdjylkg" path="res://rigidbodies/painted_wooden_stool.tscn" id="13_w48qg"]
[ext_resource type="PackedScene" uid="uid://1jbqmnqwdcl6" path="res://rigidbodies/ceiling_fan.tscn" id="13_ycdy4"]
[ext_resource type="PackedScene" uid="uid://5610qe10odiw" path="res://rigidbodies/plasticContainers/plasticContainer_08.tscn" id="14_vivmo"]
[ext_resource type="PackedScene" uid="uid://b7gabdogh778y" path="res://rigidbodies/metal_trash_can_lid.tscn" id="16_074og"]
[ext_resource type="PackedScene" uid="uid://cqt7a5hm1djee" path="res://rigidbodies/old_tire.tscn" id="16_yaehf"]
[ext_resource type="PackedScene" uid="uid://cukmbgx13cobk" path="res://rigidbodies/metal_trash_can.tscn" id="18_cegan"]
[ext_resource type="PackedScene" uid="uid://b8gt741xv2cl2" path="res://rigidbodies/plasticContainers/plasticContainer_02.tscn" id="19_cegan"]
[ext_resource type="PackedScene" uid="uid://dkvya8kjd454f" path="res://rigidbodies/wooden_table.tscn" id="20_82xsv"]
[ext_resource type="PackedScene" uid="uid://d3i5fdb6hnw51" path="res://rigidbodies/desk_lamp_arm.tscn" id="21_d13ii"]
[ext_resource type="PackedScene" uid="uid://blu06mtvvbyax" path="res://rigidbodies/rusted_spade.tscn" id="21_getpj"]
[ext_resource type="PackedScene" uid="uid://b042mnyaycqxq" path="res://rigidbodies/plasticContainers/plasticContainer_03.tscn" id="22_1u8w0"]
[ext_resource type="PackedScene" uid="uid://bpp4ec7df6aqv" path="res://rigidbodies/television.tscn" id="23_0odxb"]
[ext_resource type="PackedScene" uid="uid://cowymk3rrmwa1" path="res://rigidbodies/vintage_grandfather_clock.tscn" id="24_lswn8"]

[sub_resource type="BoxShape3D" id="BoxShape3D_0xm2m"]
size = Vector3(20.22, 0.1, 32.84)

[sub_resource type="BoxMesh" id="BoxMesh_h2yge"]
size = Vector3(20.22, 0.1, 32.84)

[sub_resource type="BoxShape3D" id="BoxShape3D_ig7tw"]
size = Vector3(4.635, 0.22, 1)

[sub_resource type="BoxMesh" id="BoxMesh_0xm2m"]
size = Vector3(4.635, 0.22, 1)

[sub_resource type="BoxShape3D" id="BoxShape3D_272bh"]
size = Vector3(3.79065, 0.0694885, 11.2885)

[sub_resource type="BoxShape3D" id="BoxShape3D_5vw27"]
size = Vector3(5.96802, 0.081665, 10.6841)

[sub_resource type="BoxShape3D" id="BoxShape3D_efxa6"]
size = Vector3(0.929962, 0.0454102, 7.82677)

[sub_resource type="BoxShape3D" id="BoxShape3D_kek77"]
size = Vector3(2.3194, 0.134521, 10.6138)

[sub_resource type="BoxShape3D" id="BoxShape3D_4c57u"]
size = Vector3(4.31732, 6.09283, 0.0352173)

[sub_resource type="BoxShape3D" id="BoxShape3D_dg77c"]
size = Vector3(1, 0.0961914, 4.20258)

[node name="Node3D" type="Node3D"]

[node name="Controllers" type="Node3D" parent="."]

[node name="Picker" parent="Controllers" instance=ExtResource("2_0xm2m")]

[node name="Game" parent="Controllers" instance=ExtResource("2_efxa6")]

[node name="Hud" parent="Controllers" instance=ExtResource("3_dg77c")]

[node name="StaticBody3D" type="StaticBody3D" parent="."]
collision_mask = 7

[node name="CollisionShape3D" type="CollisionShape3D" parent="StaticBody3D"]
shape = SubResource("BoxShape3D_0xm2m")

[node name="MeshInstance3D" type="MeshInstance3D" parent="StaticBody3D"]
mesh = SubResource("BoxMesh_h2yge")
skeleton = NodePath("../..")

[node name="StaticBody3D2" type="StaticBody3D" parent="."]
transform = Transform3D(-4.37114e-08, 1, 0, -1, -4.37114e-08, 0, 0, 0, 1, -7.33398, 0, 0)
collision_mask = 7

[node name="CollisionShape3D" type="CollisionShape3D" parent="StaticBody3D2"]
shape = SubResource("BoxShape3D_0xm2m")

[node name="MeshInstance3D" type="MeshInstance3D" parent="StaticBody3D2"]
mesh = SubResource("BoxMesh_h2yge")
skeleton = NodePath("../..")

[node name="StaticBody3D3" type="StaticBody3D" parent="."]
transform = Transform3D(1.91069e-15, -4.37114e-08, -1, -1, -4.37114e-08, 0, -4.37114e-08, 1, -4.37114e-08, -7.33398, 0, -3.56283)
collision_mask = 7

[node name="CollisionShape3D" type="CollisionShape3D" parent="StaticBody3D3"]
shape = SubResource("BoxShape3D_0xm2m")

[node name="MeshInstance3D" type="MeshInstance3D" parent="StaticBody3D3"]
mesh = SubResource("BoxMesh_h2yge")
skeleton = NodePath("../..")

[node name="StaticBody3D4" type="StaticBody3D" parent="."]
transform = Transform3D(1.91069e-15, -4.37114e-08, -1, -1, -4.37114e-08, 0, -4.37114e-08, 1, -4.37114e-08, -7.33398, 0, 3.4924)
collision_mask = 7

[node name="CollisionShape3D" type="CollisionShape3D" parent="StaticBody3D4"]
shape = SubResource("BoxShape3D_0xm2m")

[node name="MeshInstance3D" type="MeshInstance3D" parent="StaticBody3D4"]
mesh = SubResource("BoxMesh_h2yge")
skeleton = NodePath("../..")

[node name="Character" parent="." instance=ExtResource("1_ig7tw")]
transform = Transform3D(-0.509918, 0, -0.616428, 0, 0.8, 0, 0.616428, 0, -0.509918, -4.1969, 17.9725, 49.063)
collision_layer = 4
collision_mask = 3
platform_floor_layers = 4294967293

[node name="Plank" type="RigidBody3D" parent="."]
transform = Transform3D(1, 0, 0, 0, 1, 0, 0, 0, 1, 0.175, 0.865, -3.2)
collision_layer = 2
collision_mask = 7

[node name="CollisionShape3D" type="CollisionShape3D" parent="Plank"]
shape = SubResource("BoxShape3D_ig7tw")

[node name="MeshInstance3D" type="MeshInstance3D" parent="Plank"]
mesh = SubResource("BoxMesh_0xm2m")

[node name="DirectionalLight3D" type="DirectionalLight3D" parent="."]
transform = Transform3D(1, 0, 0, 0, 0.823919, 0.566708, 0, -0.566708, 0.823919, 0, 3.45011, 0)

[node name="Props" type="Node3D" parent="."]

[node name="PlasticeContainer01" parent="Props" instance=ExtResource("4_kek77")]
transform = Transform3D(1, 0, 0, 0, -0.960861, 0.27703, 0, -0.27703, -0.960861, -2.37359, 18.6941, 58.3401)

[node name="PlasticeContainer02" parent="Props" instance=ExtResource("4_kek77")]
transform = Transform3D(1, 0, 0, 0, -4.37114e-08, 1, 0, -1, -4.37114e-08, -5.46672, 17.9164, 57.5965)

[node name="PlasticeContainer03" parent="Props" instance=ExtResource("4_kek77")]
transform = Transform3D(1, 0, 0, 0, -4.37114e-08, 1, 0, -1, -4.37114e-08, -5.46672, 17.8606, 57.0006)

[node name="PlasticeContainer04" parent="Props" instance=ExtResource("4_kek77")]
transform = Transform3D(1, 0, 0, 0, -4.37114e-08, 1, 0, -1, -4.37114e-08, -5.46672, 17.8606, 58.2687)

[node name="PlasticeContainer05" parent="Props" instance=ExtResource("6_272bh")]
transform = Transform3D(1, 0, 0, 0, -4.37114e-08, 1, 0, -1, -4.37114e-08, -5.46655, 18.9599, 57.5925)

[node name="PlasticeContainer06" parent="Props" instance=ExtResource("6_272bh")]
transform = Transform3D(1, 0, 0, 0, -4.37114e-08, 1, 0, -1, -4.37114e-08, -5.46655, 18.8588, 58.3209)

[node name="AlarmClock" parent="Props" instance=ExtResource("7_dg77c")]
transform = Transform3D(1, 0, 0, 0, 1, 0, 0, 0, 1, -5.49184, 18.8634, 58.4085)

[node name="WaterMelon" parent="Props" instance=ExtResource("10_4c57u")]
transform = Transform3D(1, 0, 0, 0, 1, 0, 0, 0, 1, -5.54058, 18.9813, 58.3682)

[node name="PlasticeContainer07" parent="Props" instance=ExtResource("8_kek77")]
transform = Transform3D(1, 0, 0, 0, 1, 0, 0, 0, 1, -5.44677, 19.2084, 56.7352)

[node name="PlasticeContainer08" parent="Props" instance=ExtResource("9_4c57u")]
transform = Transform3D(0.999458, 6.75884e-09, -0.0329284, 0.0329284, -4.31857e-08, 0.999458, 5.33314e-09, -1, -4.33848e-08, -5.47952, 19.1835, 57.6086)

[node name="BaseballBall" parent="Props" instance=ExtResource("12_dg77c")]
transform = Transform3D(1, 0, 0, 0, 0.998475, -0.0552116, 0, 0.0552116, 0.998475, -5.26539, 19.1576, 57.5728)

[node name="BaseballBall2" parent="Props" instance=ExtResource("12_dg77c")]
transform = Transform3D(1, 0, 0, 0, 0.998475, -0.0552116, 0, 0.0552116, 0.998475, -3.62568, 18.7579, 58.5317)

[node name="BaseballBall3" parent="Props" instance=ExtResource("12_dg77c")]
transform = Transform3D(1, 0, 0, 0, 0.998475, -0.0552116, 0, 0.0552116, 0.998475, -3.82014, 18.7579, 58.5317)

[node name="BaseballBall4" parent="Props" instance=ExtResource("12_dg77c")]
transform = Transform3D(1, 0, 0, 0, 0.998475, -0.0552116, 0, 0.0552116, 0.998475, -3.62568, 18.6103, 58.5317)

[node name="BaseballBall5" parent="Props" instance=ExtResource("12_dg77c")]
transform = Transform3D(1, 0, 0, 0, 0.998475, -0.0552116, 0, 0.0552116, 0.998475, -3.82014, 18.6103, 58.5317)

[node name="BaseballBall6" parent="Props" instance=ExtResource("12_dg77c")]
transform = Transform3D(1, 0, 0, 0, 0.998475, -0.0552116, 0, 0.0552116, 0.998475, -3.62568, 18.7579, 58.3856)

[node name="BaseballBall7" parent="Props" instance=ExtResource("12_dg77c")]
transform = Transform3D(1, 0, 0, 0, 0.998475, -0.0552116, 0, 0.0552116, 0.998475, -3.82014, 18.7579, 58.3856)

[node name="BaseballBall8" parent="Props" instance=ExtResource("12_dg77c")]
transform = Transform3D(0.992759, -0.00663199, -0.119936, 0, 0.998475, -0.0552116, 0.12012, 0.0548118, 0.991245, -4.00214, 18.5364, 58.6214)

[node name="BaseballBall9" parent="Props" instance=ExtResource("12_dg77c")]
transform = Transform3D(1, 0, 0, 0, 0.998475, -0.0552116, 0, 0.0552116, 0.998475, -3.82014, 18.6103, 58.3856)

[node name="CeilingFan" parent="Props" instance=ExtResource("13_ycdy4")]
transform = Transform3D(-0.14484, -0.677253, -0.721353, 0, -0.72904, 0.684471, -0.989455, 0.0991386, 0.105594, -5.09949, 18.1016, 57.9043)

[node name="Stool" parent="Props" instance=ExtResource("13_w48qg")]
transform = Transform3D(1, 0, 0, 0, 1, 0, 0, 0, 1, -3.81577, 17.805, 57.0261)

[node name="Stool2" parent="Props" instance=ExtResource("13_w48qg")]
transform = Transform3D(1, 0, 0, 0, 1, 0, 0, 0, 1, -3.81577, 17.805, 56.3352)

[node name="Stool3" parent="Props" instance=ExtResource("13_w48qg")]
transform = Transform3D(1, 0, 0, 0, 1, 0, 0, 0, 1, -3.17238, 17.805, 56.3352)

[node name="Stool4" parent="Props" instance=ExtResource("13_w48qg")]
transform = Transform3D(1, 0, 0, 0, 1, 0, 0, 0, 1, -3.17238, 17.805, 56.97)

[node name="Stool5" parent="Props" instance=ExtResource("13_w48qg")]
transform = Transform3D(1, 0, 0, 0, 0.107895, 0.994162, 0, -0.994162, 0.107895, -3.17238, 18.7951, 56.97)

[node name="Stool7" parent="Props" instance=ExtResource("13_w48qg")]
transform = Transform3D(1, 0, 0, 0, 0.107895, 0.994162, 0, -0.994162, 0.107895, -5.8579, 19.4715, 55.3678)

[node name="Stool6" parent="Props" instance=ExtResource("13_w48qg")]
transform = Transform3D(-3.30758e-08, 0.68173, -0.731604, -2.85775e-08, 0.731604, 0.68173, 1, 4.34562e-08, -4.71625e-09, -2.68831, 18.5504, 56.7429)

[node name="PlasticeContainer09" parent="Props" instance=ExtResource("14_vivmo")]
transform = Transform3D(1, 0, 0, 0, -4.37114e-08, 1, 0, -1, -4.37114e-08, -3.82199, 18.4932, 57.07)

[node name="Tire" parent="Props" instance=ExtResource("16_yaehf")]
transform = Transform3D(0.544946, 0.016989, -0.838299, 0.838471, -0.0110416, 0.544835, 0, -0.999795, -0.0202619, -4.30083, 18.1125, 57.0726)

[node name="Tire2" parent="Props" instance=ExtResource("16_yaehf")]
transform = Transform3D(0.998968, -0.000920199, 0.045406, -0.0454153, -0.0202409, 0.998763, 0, -0.999795, -0.0202619, -4.12482, 17.864, 58.655)

[node name="MetalTrashCan" parent="Props" instance=ExtResource("16_074og")]
transform = Transform3D(0.926337, 0.376052, 0.0220068, -0.376143, 0.926561, 0, -0.0203907, -0.00827772, 0.999758, -3.60162, 19.1297, 58.5263)

[node name="MetalTrashCan2" parent="Props" instance=ExtResource("18_cegan")]
transform = Transform3D(1, 0, 0, 0, 1, 0, 0, 0, 1, -6.32283, 17.8701, 56.0137)

[node name="MetalTrashCan3" parent="Props" instance=ExtResource("18_cegan")]
transform = Transform3D(0.707107, 0.707107, 0, -0.707107, 0.707107, 0, 0, 0, 1, -4.25984, 18.219, 58.5676)

[node name="PlasticeContainer10" parent="Props" instance=ExtResource("19_cegan")]
transform = Transform3D(1, 0, 0, 0, -4.37114e-08, 1, 0, -1, -4.37114e-08, -6.31572, 18.2741, 55.9964)

[node name="PlasticeContainer11" parent="Props" instance=ExtResource("19_cegan")]
transform = Transform3D(1, 0, 0, 0, -4.37114e-08, 1, 0, -1, -4.37114e-08, -6.31572, 18.8092, 55.9964)

[node name="Watermelon" parent="Props" instance=ExtResource("10_4c57u")]
transform = Transform3D(1, 0, 0, 0, 1, 0, 0, 0, 1, -6.57469, 19.1562, 55.3464)

[node name="Watermelon2" parent="Props" instance=ExtResource("10_4c57u")]
transform = Transform3D(0.99998, -0.00628314, 0, 0.00628314, 0.99998, 0, 0, 0, 1, -6.42719, 19.1562, 54.9326)

[node name="PlasticeContainer12" parent="Props" instance=ExtResource("4_kek77")]
transform = Transform3D(-0.322299, 0.946638, 4.13789e-08, 0, -4.37114e-08, 1, 0.946638, 0.322299, 1.40881e-08, -1.09207, 17.9164, 53.0403)

[node name="PlasticeContainer13" parent="Props" instance=ExtResource("4_kek77")]
transform = Transform3D(-0.322299, 0.946638, 4.13789e-08, 0.946638, 0.322299, -2.96233e-08, -4.13789e-08, 2.96233e-08, -1, -4.35205, 18.1206, 54.4363)

[node name="PlasticeContainer14" parent="Props" instance=ExtResource("4_kek77")]
transform = Transform3D(-0.322299, 0.946638, 4.13789e-08, 0, -4.37114e-08, 1, 0.946638, 0.322299, 1.40881e-08, -0.898045, 17.8606, 54.3194)

[node name="PlasticeContainer15" parent="Props" instance=ExtResource("4_kek77")]
transform = Transform3D(-0.322299, 0.946638, 4.13789e-08, 0, -4.37114e-08, 1, 0.946638, 0.322299, 1.40881e-08, -2.09848, 17.8606, 53.9106)

[node name="PlasticeContainer16" parent="Props" instance=ExtResource("6_272bh")]
transform = Transform3D(-0.322299, 0.946638, 4.13789e-08, 0, -4.37114e-08, 1, 0.946638, 0.322299, 1.40881e-08, -1.45841, 18.9599, 54.1287)

[node name="PlasticeContainer17" parent="Props" instance=ExtResource("6_272bh")]
transform = Transform3D(0.322299, -0.946638, -1.28802e-07, -2.81762e-08, 1.26469e-07, -1, 0.946638, 0.322299, 1.40881e-08, -4.33104, 19.2808, 54.2004)

[node name="AlarmClock2" parent="Props" instance=ExtResource("7_dg77c")]
transform = Transform3D(-0.322299, 0, -0.946638, 0.0097643, 0.999947, -0.00332442, 0.946588, -0.0103147, -0.322282, -2.22273, 18.8634, 53.8418)

[node name="AlarmClock5" parent="Props" instance=ExtResource("7_dg77c")]
transform = Transform3D(-0.135853, -0.990571, -0.0177075, 0.044452, 0.0117607, -0.998942, 0.989731, -0.136497, 0.0424351, -3.86386, 18.9875, 53.9522)

[node name="WaterMelon2" parent="Props" instance=ExtResource("10_4c57u")]
transform = Transform3D(-0.322299, 0, -0.946638, 0, 1, 0, 0.946638, 0, -0.322299, -2.16889, 18.9813, 53.8087)

[node name="PlasticeContainer18" parent="Props" instance=ExtResource("8_kek77")]
transform = Transform3D(-0.322299, 0, -0.946638, 0, 1, 0, 0.946638, 0, -0.322299, -0.653251, 19.2084, 54.4238)

[node name="PlasticeContainer19" parent="Props" instance=ExtResource("9_4c57u")]
transform = Transform3D(-0.322124, 0.946638, 0.0106128, 0.0329284, -4.31857e-08, 0.999458, 0.946125, 0.322299, -0.0311713, -1.46944, 19.1835, 54.1113)

[node name="BaseballBall10" parent="Props" instance=ExtResource("12_dg77c")]
transform = Transform3D(-0.322299, -0.0522654, -0.945194, 0, 0.998475, -0.0552116, 0.946638, -0.0177946, -0.321807, -1.50461, 19.1576, 54.3255)

[node name="BaseballBall11" parent="Props" instance=ExtResource("12_dg77c")]
transform = Transform3D(-0.322299, -0.0522654, -0.945194, 0, 0.998475, -0.0552116, 0.946638, -0.0177946, -0.321807, -2.94086, 18.7579, 55.5687)

[node name="BaseballBall12" parent="Props" instance=ExtResource("12_dg77c")]
transform = Transform3D(-0.322299, -0.0522654, -0.945194, 0, 0.998475, -0.0552116, 0.946638, -0.0177946, -0.321807, -2.87818, 18.7579, 55.3846)

[node name="BaseballBall13" parent="Props" instance=ExtResource("12_dg77c")]
transform = Transform3D(-0.322299, -0.0522654, -0.945194, 0, 0.998475, -0.0552116, 0.946638, -0.0177946, -0.321807, -2.94086, 18.6103, 55.5687)

[node name="BaseballBall14" parent="Props" instance=ExtResource("12_dg77c")]
transform = Transform3D(-0.322299, -0.0522654, -0.945194, 0, 0.998475, -0.0552116, 0.946638, -0.0177946, -0.321807, -2.87818, 18.6103, 55.3846)

[node name="BaseballBall15" parent="Props" instance=ExtResource("12_dg77c")]
transform = Transform3D(-0.322299, -0.0522654, -0.945194, 0, 0.998475, -0.0552116, 0.946638, -0.0177946, -0.321807, -2.80251, 18.7579, 55.6158)

[node name="BaseballBall16" parent="Props" instance=ExtResource("12_dg77c")]
transform = Transform3D(-0.322299, -0.0522654, -0.945194, 0, 0.998475, -0.0552116, 0.946638, -0.0177946, -0.321807, -2.73984, 18.7579, 55.4317)

[node name="BaseballBall17" parent="Props" instance=ExtResource("12_dg77c")]
transform = Transform3D(-0.433675, -0.0497495, -0.899695, -4.6229e-10, 0.998475, -0.0552116, 0.90107, -0.0239439, -0.433013, -2.90439, 18.5364, 55.1834)

[node name="BaseballBall18" parent="Props" instance=ExtResource("12_dg77c")]
transform = Transform3D(-0.322299, -0.0522654, -0.945194, 0, 0.998475, -0.0552116, 0.946638, -0.0177946, -0.321807, -2.73984, 18.6103, 55.4317)

[node name="CeilingFan2" parent="Props" instance=ExtResource("13_ycdy4")]
transform = Transform3D(0.983337, 0.124429, 0.132532, 7.37201e-09, -0.72904, 0.684471, 0.181789, -0.673066, -0.716893, -1.8719, 18.1016, 54.3757)

[node name="Stool8" parent="Props" instance=ExtResource("13_w48qg")]
transform = Transform3D(-0.322299, 0, -0.946638, 0, 1, 0, 0.946638, 0, -0.322299, -1.45432, 17.805, 55.874)

[node name="Stool9" parent="Props" instance=ExtResource("13_w48qg")]
transform = Transform3D(-0.322299, 0, -0.946638, 0, 1, 0, 0.946638, 0, -0.322299, -0.800216, 17.805, 56.0967)

[node name="Stool10" parent="Props" instance=ExtResource("13_w48qg")]
transform = Transform3D(-0.322299, 0, -0.946638, 0, 1, 0, 0.946638, 0, -0.322299, -1.00758, 17.805, 56.7057)

[node name="Stool11" parent="Props" instance=ExtResource("13_w48qg")]
transform = Transform3D(-0.322299, 0, -0.946638, 0, 1, 0, 0.946638, 0, -0.322299, -1.60857, 17.805, 56.5011)

[node name="Stool12" parent="Props" instance=ExtResource("13_w48qg")]
transform = Transform3D(-0.322299, 0.941112, -0.102138, 0, 0.107895, 0.994162, 0.946638, 0.320417, -0.0347745, -1.60857, 18.7951, 56.5011)

[node name="Stool13" parent="Props" instance=ExtResource("13_w48qg")]
transform = Transform3D(-0.322299, 0.941112, -0.102138, 0, 0.107895, 0.994162, 0.946638, 0.320417, -0.0347745, 0.773671, 19.4715, 54.4753)

[node name="Stool14" parent="Props" instance=ExtResource("13_w48qg")]
transform = Transform3D(-0.946638, -0.154746, 0.282719, -3.58552e-08, 0.877196, 0.480132, -0.322299, 0.454511, -0.830388, -0.839109, 18.7951, 55.9859)

[node name="PlasticeContainer20" parent="Props" instance=ExtResource("14_vivmo")]
transform = Transform3D(-0.322299, 0.946638, 4.13789e-08, 0, -4.37114e-08, 1, 0.946638, 0.322299, 1.40881e-08, -1.49384, 18.4932, 55.8539)

[node name="Tire3" parent="Props" instance=ExtResource("16_yaehf")]
transform = Transform3D(-0.175635, 0.940968, 0.289363, 0.838471, -0.0110416, 0.544835, 0.515867, 0.338315, -0.787035, -1.34195, 18.1125, 55.3998)

[node name="Tire4" parent="Props" instance=ExtResource("16_yaehf")]
transform = Transform3D(-0.321966, 0.94674, 0.00454634, -0.0454153, -0.0202409, 0.998763, 0.945661, 0.321361, 0.0495135, -2.89663, 17.864, 55.0564)

[node name="Tire7" parent="Props" instance=ExtResource("16_yaehf")]
transform = Transform3D(-0.262131, 0.66338, 0.700867, 0.192385, -0.675762, 0.711571, 0.945661, 0.321361, 0.0495135, -3.93306, 18.2103, 54.1268)

[node name="MetalTrashCan4" parent="Props" instance=ExtResource("16_074og")]
transform = Transform3D(-0.279255, -0.113365, -0.953502, -0.376143, 0.926562, 0, 0.883478, 0.358653, -0.301388, -2.94344, 19.1297, 55.5932)

[node name="MetalTrashCan5" parent="Props" instance=ExtResource("18_cegan")]
transform = Transform3D(-0.322299, 0, -0.946638, 0, 1, 0, 0.946638, 0, -0.322299, 0.312124, 17.8701, 53.827)

[node name="MetalTrashCan6" parent="Props" instance=ExtResource("18_cegan")]
transform = Transform3D(-0.2279, -0.2279, -0.946638, -0.707107, 0.707107, 0, 0.669374, 0.669374, -0.322299, -2.77045, 18.219, 54.9568)

[node name="PlasticeContainer21" parent="Props" instance=ExtResource("19_cegan")]
transform = Transform3D(-0.322299, 0.946638, 4.13789e-08, 0, -4.37114e-08, 1, 0.946638, 0.322299, 1.40881e-08, 0.326204, 18.2741, 53.8393)

[node name="PlasticeContainer22" parent="Props" instance=ExtResource("19_cegan")]
transform = Transform3D(-0.322299, 0.946638, 4.13789e-08, 0, -4.37114e-08, 1, 0.946638, 0.322299, 1.40881e-08, 0.326204, 18.8092, 53.8393)

[node name="Watermelon3" parent="Props" instance=ExtResource("10_4c57u")]
transform = Transform3D(-0.322299, 0, -0.946638, 0, 1, 0, 0.946638, 0, -0.322299, -4.47728, 19.0529, 54.0793)

[node name="Watermelon4" parent="Props" instance=ExtResource("10_4c57u")]
transform = Transform3D(-0.322292, 0.00202505, -0.946638, 0.00628314, 0.99998, 0, 0.946619, -0.00594786, -0.322299, 1.36917, 19.1562, 54.0767)

[node name="PlasticeContainer23" parent="Props" instance=ExtResource("4_kek77")]
transform = Transform3D(-0.322299, 0.946638, 4.13789e-08, 0, -4.37114e-08, 1, 0.946638, 0.322299, 1.40881e-08, -1.09207, 17.9164, 48.6262)

[node name="PlasticeContainer24" parent="Props" instance=ExtResource("4_kek77")]
transform = Transform3D(-0.322299, 0.946638, 4.13789e-08, 0, -4.37114e-08, 1, 0.946638, 0.322299, 1.40881e-08, -1.46215, 17.9164, 49.7132)

[node name="PlasticeContainer25" parent="Props" instance=ExtResource("4_kek77")]
transform = Transform3D(-0.322299, 0.946638, 4.13789e-08, 0, -4.37114e-08, 1, 0.946638, 0.322299, 1.40881e-08, -0.898045, 17.8606, 49.9053)

[node name="PlasticeContainer26" parent="Props" instance=ExtResource("4_kek77")]
transform = Transform3D(-0.322299, 0.946638, 4.13789e-08, 0, -4.37114e-08, 1, 0.946638, 0.322299, 1.40881e-08, -2.09848, 17.8606, 49.4965)

[node name="PlasticeContainer27" parent="Props" instance=ExtResource("6_272bh")]
transform = Transform3D(-0.322299, 0.946638, 4.13789e-08, 0, -4.37114e-08, 1, 0.946638, 0.322299, 1.40881e-08, -1.45841, 18.9599, 49.7146)

[node name="PlasticeContainer28" parent="Props" instance=ExtResource("6_272bh")]
transform = Transform3D(-0.322299, 0.946638, 4.13789e-08, 0, -4.37114e-08, 1, 0.946638, 0.322299, 1.40881e-08, -2.14795, 18.8588, 49.4799)

[node name="AlarmClock3" parent="Props" instance=ExtResource("7_dg77c")]
transform = Transform3D(-0.322299, 0, -0.946638, 0, 1, 0, 0.946638, 0, -0.322299, -2.22273, 18.8634, 49.4277)

[node name="WaterMelon3" parent="Props" instance=ExtResource("10_4c57u")]
transform = Transform3D(-0.322299, 0, -0.946638, 0, 1, 0, 0.946638, 0, -0.322299, -2.16889, 18.9813, 49.3946)

[node name="PlasticeContainer29" parent="Props" instance=ExtResource("8_kek77")]
transform = Transform3D(-0.322299, 0, -0.946638, 0, 1, 0, 0.946638, 0, -0.322299, -0.653251, 19.2084, 50.0097)

[node name="PlasticeContainer30" parent="Props" instance=ExtResource("9_4c57u")]
transform = Transform3D(-0.322124, 0.946638, 0.0106128, 0.0329284, -4.31857e-08, 0.999458, 0.946125, 0.322299, -0.0311713, -1.46944, 19.1835, 49.6972)

[node name="BaseballBall19" parent="Props" instance=ExtResource("12_dg77c")]
transform = Transform3D(-0.322299, -0.0522654, -0.945194, 0, 0.998475, -0.0552116, 0.946638, -0.0177946, -0.321807, -1.50461, 19.1576, 49.9114)

[node name="BaseballBall20" parent="Props" instance=ExtResource("12_dg77c")]
transform = Transform3D(-0.322299, -0.0522654, -0.945194, 0, 0.998475, -0.0552116, 0.946638, -0.0177946, -0.321807, -2.94086, 19.0706, 50.766)

[node name="BaseballBall21" parent="Props" instance=ExtResource("12_dg77c")]
transform = Transform3D(-0.322299, -0.0522654, -0.945194, 0, 0.998475, -0.0552116, 0.946638, -0.0177946, -0.321807, -2.87818, 18.7579, 50.9705)

[node name="BaseballBall22" parent="Props" instance=ExtResource("12_dg77c")]
transform = Transform3D(-0.322299, -0.0522654, -0.945194, 0, 0.998475, -0.0552116, 0.946638, -0.0177946, -0.321807, -2.94086, 18.9231, 50.766)

[node name="BaseballBall23" parent="Props" instance=ExtResource("12_dg77c")]
transform = Transform3D(-0.322299, -0.0522654, -0.945194, 0, 0.998475, -0.0552116, 0.946638, -0.0177946, -0.321807, -2.87818, 18.6103, 50.9705)

[node name="BaseballBall24" parent="Props" instance=ExtResource("12_dg77c")]
transform = Transform3D(-0.322299, -0.0522654, -0.945194, 0, 0.998475, -0.0552116, 0.946638, -0.0177946, -0.321807, -2.80251, 19.0706, 50.8131)

[node name="BaseballBall25" parent="Props" instance=ExtResource("12_dg77c")]
transform = Transform3D(-0.322299, -0.0522654, -0.945194, 0, 0.998475, -0.0552116, 0.946638, -0.0177946, -0.321807, -2.73984, 18.7579, 51.0176)

[node name="BaseballBall26" parent="Props" instance=ExtResource("12_dg77c")]
transform = Transform3D(-0.433675, -0.0497495, -0.899695, -4.6229e-10, 0.998475, -0.0552116, 0.90107, -0.0239439, -0.433013, -2.90439, 18.5364, 50.7693)

[node name="BaseballBall27" parent="Props" instance=ExtResource("12_dg77c")]
transform = Transform3D(-0.322299, -0.0522654, -0.945194, 0, 0.998475, -0.0552116, 0.946638, -0.0177946, -0.321807, -2.73984, 18.6103, 51.0176)

[node name="CeilingFan3" parent="Props" instance=ExtResource("13_ycdy4")]
transform = Transform3D(0.983337, 0.124429, 0.132532, 7.37201e-09, -0.72904, 0.684471, 0.181789, -0.673066, -0.716893, -1.8719, 18.1016, 49.9616)

[node name="Stool15" parent="Props" instance=ExtResource("13_w48qg")]
transform = Transform3D(-0.322299, 0, -0.946638, 0, 1, 0, 0.946638, 0, -0.322299, -1.45432, 17.805, 51.4599)

[node name="Stool16" parent="Props" instance=ExtResource("13_w48qg")]
transform = Transform3D(-0.322299, 0, -0.946638, 0, 1, 0, 0.946638, 0, -0.322299, -0.800216, 17.805, 51.6826)

[node name="Stool17" parent="Props" instance=ExtResource("13_w48qg")]
transform = Transform3D(-0.322299, 0, -0.946638, 0, 1, 0, 0.946638, 0, -0.322299, -1.00758, 17.805, 52.2916)

[node name="Stool18" parent="Props" instance=ExtResource("13_w48qg")]
transform = Transform3D(-0.322299, 0, -0.946638, 0, 1, 0, 0.946638, 0, -0.322299, -1.60857, 17.805, 52.087)

[node name="Stool19" parent="Props" instance=ExtResource("13_w48qg")]
transform = Transform3D(-0.322299, 0.941112, -0.102138, 0, 0.107895, 0.994162, 0.946638, 0.320417, -0.0347745, -1.60857, 18.7951, 52.087)

[node name="Stool20" parent="Props" instance=ExtResource("13_w48qg")]
transform = Transform3D(1, 0, 0, 0, 1, 0, 0, 0, 1, -3.27424, 18.0059, 52.8868)

[node name="Stool21" parent="Props" instance=ExtResource("13_w48qg")]
transform = Transform3D(1, 0, 0, 0, 1, 0, 0, 0, 1, -4.53624, 17.8841, 52.4555)

[node name="PlasticeContainer31" parent="Props" instance=ExtResource("14_vivmo")]
transform = Transform3D(-0.322299, 0.946638, 4.13789e-08, 0, -4.37114e-08, 1, 0.946638, 0.322299, 1.40881e-08, -1.49384, 18.4932, 51.4398)

[node name="Tire5" parent="Props" instance=ExtResource("16_yaehf")]
transform = Transform3D(-0.175635, 0.940968, 0.289363, 0.838471, -0.0110416, 0.544835, 0.515867, 0.338315, -0.787035, -1.34195, 18.1125, 50.9857)

[node name="Tire6" parent="Props" instance=ExtResource("16_yaehf")]
transform = Transform3D(-0.321966, 0.94674, 0.00454634, -0.0454153, -0.0202409, 0.998763, 0.945661, 0.321361, 0.0495135, -2.63666, 17.864, 50.5739)

[node name="MetalTrashCan7" parent="Props" instance=ExtResource("16_074og")]
transform = Transform3D(-0.22397, 0.0942434, -0.970029, -0.0482202, 0.993023, 0.107611, 0.973403, 0.0708767, -0.217863, -2.83329, 19.2484, 50.8462)

[node name="MetalTrashCan8" parent="Props" instance=ExtResource("18_cegan")]
transform = Transform3D(-0.322299, 0, -0.946638, 0, 1, 0, 0.946638, 0, -0.322299, 0.312124, 17.8701, 49.4129)

[node name="MetalTrashCan9" parent="Props" instance=ExtResource("18_cegan")]
transform = Transform3D(1, 0, 0, 0, 1, 0, 0, 0, 1, -2.81874, 18.219, 50.8669)

[node name="PlasticeContainer32" parent="Props" instance=ExtResource("19_cegan")]
transform = Transform3D(-0.322299, 0.946638, 4.13789e-08, 0, -4.37114e-08, 1, 0.946638, 0.322299, 1.40881e-08, 0.326204, 18.2741, 49.4252)

[node name="PlasticeContainer33" parent="Props" instance=ExtResource("19_cegan")]
transform = Transform3D(-0.322299, 0.946638, 4.13789e-08, 0, -4.37114e-08, 1, 0.946638, 0.322299, 1.40881e-08, 0.326204, 18.8092, 49.4252)

[node name="Watermelon5" parent="Props" instance=ExtResource("10_4c57u")]
transform = Transform3D(-0.322299, 0, -0.946638, 0, 1, 0, 0.946638, 0, -0.322299, 1.02495, 19.1562, 49.3895)

[node name="Watermelon6" parent="Props" instance=ExtResource("10_4c57u")]
transform = Transform3D(-0.322292, 0.00202505, -0.946638, 0.00628314, 0.99998, 0, 0.946619, -0.00594786, -0.322299, 1.36917, 19.1562, 49.6626)

[node name="WoodenTable" parent="Props" instance=ExtResource("20_82xsv")]
transform = Transform3D(1, 0, 0, 0, 1, 0, 0, 0, 1, -6.13814, 17.8702, 55.0924)

[node name="WoodenTable3" parent="Props" instance=ExtResource("20_82xsv")]
transform = Transform3D(1, 0, 0, 0, 1, 0, 0, 0, 1, -4.05704, 17.8702, 54.1028)

[node name="WoodenTable2" parent="Props" instance=ExtResource("20_82xsv")]
transform = Transform3D(1, 0, 0, 0, -1, 8.74228e-08, 0, -8.74228e-08, -1, -6.15278, 19.9858, 55.0924)

[node name="RustedSpade" parent="Props" instance=ExtResource("21_getpj")]
transform = Transform3D(1, 0, 0, 0, 0.966645, -0.256121, 0, 0.256121, 0.966645, -5.82521, 18.3733, 54.3033)

[node name="RustedSpade2" parent="Props" instance=ExtResource("21_getpj")]
transform = Transform3D(-0.259932, 0.247317, 0.933418, 0, 0.966645, -0.256121, -0.965627, -0.0665738, -0.251261, -2.60465, 18.3733, 53.8585)

[node name="RustedSpade3" parent="Props" instance=ExtResource("21_getpj")]
transform = Transform3D(-0.92941, 0.0945212, 0.35674, 7.19448e-09, 0.966645, -0.256121, -0.369049, -0.238041, -0.898409, -1.0348, 18.3733, 50.338)

[node name="RustedSpade4" parent="Props" instance=ExtResource("21_getpj")]
transform = Transform3D(-0.804282, -0.152199, -0.574426, 8.61986e-09, 0.966645, -0.256121, 0.594247, -0.205993, -0.777455, -0.709342, 18.3733, 50.3197)

[node name="RustedSpade5" parent="Props" instance=ExtResource("21_getpj")]
transform = Transform3D(0.0638482, -0.997943, 0.00579013, 0.996842, 0.063501, -0.0476944, 0.0472287, 0.00881707, 0.998845, -3.5347, 18.2022, 56.3215)

[node name="RustedSpade6" parent="Props" instance=ExtResource("21_getpj")]
transform = Transform3D(0.0638482, -0.997943, 0.00579013, 0.996842, 0.063501, -0.0476944, 0.0472287, 0.00881707, 0.998845, -5.82185, 19.5259, 55.0326)

[node name="DeskLampArm" parent="Props" instance=ExtResource("21_d13ii")]
transform = Transform3D(0.692659, -0.721265, 0, 0.721265, 0.692659, 0, 0, 0, 1, -3.71431, 18.9614, 54.2411)

[node name="DeskLampArm2" parent="Props" instance=ExtResource("21_d13ii")]
transform = Transform3D(-2.73326e-08, -0.625297, 0.780387, 1, -4.37114e-08, 0, 3.41118e-08, 0.780387, 0.625297, -5.09992, 19.3223, 56.8795)

[node name="PlasticeContainer34" parent="Props" instance=ExtResource("22_1u8w0")]
transform = Transform3D(1, 0, 0, 0, 1, 0, 0, 0, 1, -3.70597, 19.082, 53.7337)

[node name="Television" parent="Props" instance=ExtResource("23_0odxb")]
transform = Transform3D(-4.37114e-08, -1, 0, 1, -4.37114e-08, 0, 0, 0, 1, -1.2741, 18.4768, 57.816)

[node name="Television2" parent="Props" instance=ExtResource("23_0odxb")]
transform = Transform3D(1, 0, 0, 0, 1, 0, 0, 0, 1, 1.9341, 17.8038, 54.19)

[node name="Television3" parent="Props" instance=ExtResource("23_0odxb")]
transform = Transform3D(-0.128328, 0, -0.991732, 0, 1, 0, 0.991732, 0, -0.128328, 1.87777, 18.4901, 54.4198)

[node name="Television4" parent="Props" instance=ExtResource("23_0odxb")]
transform = Transform3D(1, 0, 0, 0, 1, 0, 0, 0, 1, -2.68857, 17.7806, 51.789)

[node name="Television5" parent="Props" instance=ExtResource("23_0odxb")]
transform = Transform3D(1, 0, 0, 0, 1, 0, 0, 0, 1, -1.94123, 17.8038, 53.2307)

[node name="VintageGrandfatherClock" parent="Props" instance=ExtResource("24_lswn8")]
transform = Transform3D(1, 0, 0, 0, 1, 0, 0, 0, 1, -5.52591, 17.8701, 53.4948)

[node name="VintageGrandfatherClock2" parent="Props" instance=ExtResource("24_lswn8")]
transform = Transform3D(1, 0, 0, 0, -4.37114e-08, 1, 0, -1, -4.37114e-08, -2.22871, 18.2127, 58.9725)

[node name="Sketchfab_Scene" parent="." instance=ExtResource("3_272bh")]
transform = Transform3D(2, 0, 0, 0, 2, 0, 0, 0, 2, -1.70796, -0.405891, 5.0367)

[node name="StaticBody3D" type="StaticBody3D" parent="Sketchfab_Scene"]
transform = Transform3D(0.837719, 0, -0.546102, 0, 1, 0, 0.546102, 0, 0.837719, 0.112878, 8.97982, 25.4698)

[node name="CollisionShape3D" type="CollisionShape3D" parent="Sketchfab_Scene/StaticBody3D"]
transform = Transform3D(1, 0, 0, 0, 1, 0, 0, 0, 1, 0.923526, 0.0902863, -0.259127)
shape = SubResource("BoxShape3D_272bh")

[node name="CollisionShape3D2" type="CollisionShape3D" parent="Sketchfab_Scene/StaticBody3D"]
transform = Transform3D(1, 0, 0, 0, 1, 0, 0, 0, 1, -4.83685, 0.117325, -0.224134)
shape = SubResource("BoxShape3D_5vw27")

[node name="CollisionShape3D3" type="CollisionShape3D" parent="Sketchfab_Scene/StaticBody3D"]
transform = Transform3D(1, 0, 2.98023e-08, 0, 1, 0, -2.98023e-08, 0, 1, -1.4079, 0.0907135, -1.52625)
shape = SubResource("BoxShape3D_efxa6")

[node name="StaticBody3D2" type="StaticBody3D" parent="Sketchfab_Scene"]
transform = Transform3D(-5.91397e-08, 0.837719, -0.546102, -1, -4.37114e-08, 4.12411e-08, 1.06775e-08, 0.546102, 0.837719, 2.61604, 10.44, 27.1016)

[node name="CollisionShape3D" type="CollisionShape3D" parent="Sketchfab_Scene/StaticBody3D2"]
transform = Transform3D(1, -9.40137e-13, -9.3614e-13, 1.5099e-14, 1, -2.98023e-08, -2.66454e-15, 0, 1, 0.0357361, -0.0494576, -0.196283)
shape = SubResource("BoxShape3D_kek77")

[node name="StaticBody3D3" type="StaticBody3D" parent="Sketchfab_Scene"]
transform = Transform3D(0.374811, 0.837719, -0.39717, -0.727282, -5.96046e-08, -0.686339, -0.574959, 0.546102, 0.609258, 3.23915, 10.2685, 21.7392)

[node name="CollisionShape3D" type="CollisionShape3D" parent="Sketchfab_Scene/StaticBody3D3"]
transform = Transform3D(0.999999, -2.98023e-08, 0, 1.57952e-06, 1, -2.98023e-08, -7.7486e-07, 2.98023e-08, 1, -0.540037, -0.643607, 0.0555792)
shape = SubResource("BoxShape3D_4c57u")

[node name="StaticBody3D4" type="StaticBody3D" parent="Sketchfab_Scene"]
transform = Transform3D(-0.393626, -0.837719, 0.378531, -0.69315, -1.00583e-07, -0.720793, 0.603822, -0.546102, -0.580665, -2.83662, 10.688, 28.6797)

[node name="CollisionShape3D" type="CollisionShape3D" parent="Sketchfab_Scene/StaticBody3D4"]
transform = Transform3D(0.999999, -2.98023e-08, 0, 1.57952e-06, 1, -2.98023e-08, -7.7486e-07, 2.98023e-08, 1, -0.540037, -0.643607, 0.0555792)
shape = SubResource("BoxShape3D_4c57u")

[node name="StaticBody3D5" type="StaticBody3D" parent="Sketchfab_Scene"]
transform = Transform3D(0.846546, -0.340269, -0.409361, -3.72529e-09, 0.76902, -0.639224, 0.532315, 0.541133, 0.651011, -2.95452, 8.69932, 27.619)

[node name="CollisionShape3D" type="CollisionShape3D" parent="Sketchfab_Scene/StaticBody3D5"]
transform = Transform3D(1, 0, 2.98023e-08, -1.19209e-07, 1, -2.98023e-08, 1.78814e-07, 2.98023e-08, 1, 1.90735e-06, -0.451904, 1.07297)
shape = SubResource("BoxShape3D_dg77c")

[node name="StaticBody3D6" type="StaticBody3D" parent="Sketchfab_Scene"]
transform = Transform3D(-0.409361, -0.340269, -0.846546, -0.639224, 0.76902, 3.35276e-08, 0.651011, 0.541133, -0.532315, -2.95452, 8.69932, 27.619)

[node name="CollisionPolygon3D" type="CollisionPolygon3D" parent="Sketchfab_Scene/StaticBody3D6"]
transform = Transform3D(1, 0, 0, 0, 1, 0, 0, 0, 1, 7.45058e-09, -1.49012e-08, 0.454784)
depth = 0.1
polygon = PackedVector2Array(-0.95717, -0.271091, 1.35416, 1.19518, 2.49698, -0.342712)

[node name="StaticBody3D7" type="StaticBody3D" parent="Sketchfab_Scene"]
transform = Transform3D(-0.409361, -0.340269, -0.846546, -0.639224, 0.76902, 3.35276e-08, 0.651011, 0.541133, -0.532315, -2.25944, 8.69932, 28.056)

[node name="CollisionPolygon3D" type="CollisionPolygon3D" parent="Sketchfab_Scene/StaticBody3D7"]
transform = Transform3D(1, 0, 0, 0, 1, 0, 0, 0, 1, 7.45058e-09, -1.49012e-08, 0.454784)
depth = 0.1
polygon = PackedVector2Array(-0.95717, -0.271091, 1.35416, 1.19518, 2.49698, -0.342712)
