[gd_scene load_steps=22 format=3 uid="uid://srcm6edfpyg2"]

[ext_resource type="PackedScene" uid="uid://cc1m2a1obsyn4" path="res://addons/fpc/character.tscn" id="1_ig7tw"]
[ext_resource type="PackedScene" uid="uid://b3njdfw5ehyqs" path="res://controllers/picker/picker.tscn" id="2_0xm2m"]
[ext_resource type="PackedScene" uid="uid://c6efs7uxfi5sv" path="res://controllers/game/game.tscn" id="2_efxa6"]
[ext_resource type="PackedScene" uid="uid://cjb2dvv4splt8" path="res://rigidbodies/chest.tscn" id="3_7mycd"]
[ext_resource type="PackedScene" uid="uid://8118vdtuu1vh" path="res://models/Attic/scene.gltf" id="3_272bh"]
[ext_resource type="PackedScene" uid="uid://b3sn7b3h2ri6u" path="res://controllers/hud/hud.tscn" id="3_dg77c"]
[ext_resource type="PackedScene" uid="uid://baajbhbgcqegp" path="res://rigidbodies/cone.tscn" id="4_272bh"]
[ext_resource type="PackedScene" uid="uid://dt0ucid6bd5ea" path="res://rigidbodies/plasticContainers/plasticContainer_01.tscn" id="4_kek77"]
[ext_resource type="PackedScene" uid="uid://db1trtjmgrrj3" path="res://rigidbodies/plasticContainers/plasticContainer_04.tscn" id="5_4c57u"]
[ext_resource type="PackedScene" uid="uid://dxtvfb6q2m0j0" path="res://rigidbodies/crate.tscn" id="5_5vw27"]
[ext_resource type="PackedScene" uid="uid://bwi5tqqr8oweq" path="res://rigidbodies/barrel.tscn" id="6_kek77"]

[sub_resource type="BoxShape3D" id="BoxShape3D_0xm2m"]
size = Vector3(20.22, 0.1, 32.84)

[sub_resource type="BoxMesh" id="BoxMesh_h2yge"]
size = Vector3(20.22, 0.1, 32.84)

[sub_resource type="BoxShape3D" id="BoxShape3D_ig7tw"]
size = Vector3(4.635, 0.22, 1)

[sub_resource type="BoxMesh" id="BoxMesh_0xm2m"]
size = Vector3(4.635, 0.22, 1)

[sub_resource type="BoxShape3D" id="BoxShape3D_272bh"]
size = Vector3(3.79065, 0.0694885, 11.2885)

[sub_resource type="BoxShape3D" id="BoxShape3D_5vw27"]
size = Vector3(5.96802, 0.081665, 10.6841)

[sub_resource type="BoxShape3D" id="BoxShape3D_efxa6"]
size = Vector3(0.929962, 0.0454102, 7.82677)

[sub_resource type="BoxShape3D" id="BoxShape3D_kek77"]
size = Vector3(2.3194, 0.134521, 10.6138)

[sub_resource type="BoxShape3D" id="BoxShape3D_4c57u"]
size = Vector3(4.31732, 6.09283, 0.0352173)

[sub_resource type="BoxShape3D" id="BoxShape3D_dg77c"]
size = Vector3(1, 0.0961914, 4.20258)

[node name="Node3D" type="Node3D"]

[node name="Controllers" type="Node3D" parent="."]

[node name="Picker" parent="Controllers" instance=ExtResource("2_0xm2m")]

[node name="Game" parent="Controllers" instance=ExtResource("2_efxa6")]

[node name="Hud" parent="Controllers" instance=ExtResource("3_dg77c")]

[node name="StaticBody3D" type="StaticBody3D" parent="."]
collision_mask = 7

[node name="CollisionShape3D" type="CollisionShape3D" parent="StaticBody3D"]
shape = SubResource("BoxShape3D_0xm2m")

[node name="MeshInstance3D" type="MeshInstance3D" parent="StaticBody3D"]
mesh = SubResource("BoxMesh_h2yge")
skeleton = NodePath("../..")

[node name="StaticBody3D2" type="StaticBody3D" parent="."]
transform = Transform3D(-4.37114e-08, 1, 0, -1, -4.37114e-08, 0, 0, 0, 1, -7.33398, 0, 0)
collision_mask = 7

[node name="CollisionShape3D" type="CollisionShape3D" parent="StaticBody3D2"]
shape = SubResource("BoxShape3D_0xm2m")

[node name="MeshInstance3D" type="MeshInstance3D" parent="StaticBody3D2"]
mesh = SubResource("BoxMesh_h2yge")
skeleton = NodePath("../..")

[node name="StaticBody3D3" type="StaticBody3D" parent="."]
transform = Transform3D(1.91069e-15, -4.37114e-08, -1, -1, -4.37114e-08, 0, -4.37114e-08, 1, -4.37114e-08, -7.33398, 0, -3.56283)
collision_mask = 7

[node name="CollisionShape3D" type="CollisionShape3D" parent="StaticBody3D3"]
shape = SubResource("BoxShape3D_0xm2m")

[node name="MeshInstance3D" type="MeshInstance3D" parent="StaticBody3D3"]
mesh = SubResource("BoxMesh_h2yge")
skeleton = NodePath("../..")

[node name="StaticBody3D4" type="StaticBody3D" parent="."]
transform = Transform3D(1.91069e-15, -4.37114e-08, -1, -1, -4.37114e-08, 0, -4.37114e-08, 1, -4.37114e-08, -7.33398, 0, 3.4924)
collision_mask = 7

[node name="CollisionShape3D" type="CollisionShape3D" parent="StaticBody3D4"]
shape = SubResource("BoxShape3D_0xm2m")

[node name="MeshInstance3D" type="MeshInstance3D" parent="StaticBody3D4"]
mesh = SubResource("BoxMesh_h2yge")
skeleton = NodePath("../..")

[node name="Character" parent="." instance=ExtResource("1_ig7tw")]
transform = Transform3D(-0.509918, 0, -0.616428, 0, 0.8, 0, 0.616428, 0, -0.509918, -4.1969, 17.9725, 49.063)
collision_layer = 4
collision_mask = 3
platform_floor_layers = 4294967293

[node name="Plank" type="RigidBody3D" parent="."]
transform = Transform3D(1, 0, 0, 0, 1, 0, 0, 0, 1, 0.175, 0.865, -3.2)
collision_layer = 2
collision_mask = 7

[node name="CollisionShape3D" type="CollisionShape3D" parent="Plank"]
shape = SubResource("BoxShape3D_ig7tw")

[node name="MeshInstance3D" type="MeshInstance3D" parent="Plank"]
mesh = SubResource("BoxMesh_0xm2m")

[node name="DirectionalLight3D" type="DirectionalLight3D" parent="."]
transform = Transform3D(1, 0, 0, 0, 0.823919, 0.566708, 0, -0.566708, 0.823919, 0, 3.45011, 0)

[node name="Sketchfab_Scene" parent="." instance=ExtResource("3_272bh")]
transform = Transform3D(2, 0, 0, 0, 2, 0, 0, 0, 2, -1.70796, -0.405891, 5.0367)

[node name="StaticBody3D" type="StaticBody3D" parent="Sketchfab_Scene"]
transform = Transform3D(0.837719, 0, -0.546102, 0, 1, 0, 0.546102, 0, 0.837719, 0.112878, 8.97982, 25.4698)

[node name="CollisionShape3D" type="CollisionShape3D" parent="Sketchfab_Scene/StaticBody3D"]
transform = Transform3D(1, 0, 0, 0, 1, 0, 0, 0, 1, 0.923526, 0.0902863, -0.259127)
shape = SubResource("BoxShape3D_272bh")

[node name="CollisionShape3D2" type="CollisionShape3D" parent="Sketchfab_Scene/StaticBody3D"]
transform = Transform3D(1, 0, 0, 0, 1, 0, 0, 0, 1, -4.83685, 0.117325, -0.224134)
shape = SubResource("BoxShape3D_5vw27")

[node name="CollisionShape3D3" type="CollisionShape3D" parent="Sketchfab_Scene/StaticBody3D"]
transform = Transform3D(1, 0, 2.98023e-08, 0, 1, 0, -2.98023e-08, 0, 1, -1.4079, 0.0907135, -1.52625)
shape = SubResource("BoxShape3D_efxa6")

[node name="StaticBody3D2" type="StaticBody3D" parent="Sketchfab_Scene"]
transform = Transform3D(-5.91397e-08, 0.837719, -0.546102, -1, -4.37114e-08, 4.12411e-08, 1.06775e-08, 0.546102, 0.837719, 2.61604, 10.44, 27.1016)

[node name="CollisionShape3D" type="CollisionShape3D" parent="Sketchfab_Scene/StaticBody3D2"]
transform = Transform3D(1, -9.40137e-13, -9.3614e-13, 1.5099e-14, 1, -2.98023e-08, -2.66454e-15, 0, 1, 0.0357361, -0.0494576, -0.196283)
shape = SubResource("BoxShape3D_kek77")

[node name="StaticBody3D3" type="StaticBody3D" parent="Sketchfab_Scene"]
transform = Transform3D(0.374811, 0.837719, -0.39717, -0.727282, -5.96046e-08, -0.686339, -0.574959, 0.546102, 0.609258, 3.23915, 10.2685, 21.7392)

[node name="CollisionShape3D" type="CollisionShape3D" parent="Sketchfab_Scene/StaticBody3D3"]
transform = Transform3D(0.999999, -2.98023e-08, 0, 1.57952e-06, 1, -2.98023e-08, -7.7486e-07, 2.98023e-08, 1, -0.540037, -0.643607, 0.0555792)
shape = SubResource("BoxShape3D_4c57u")

[node name="StaticBody3D4" type="StaticBody3D" parent="Sketchfab_Scene"]
transform = Transform3D(-0.393626, -0.837719, 0.378531, -0.69315, -1.00583e-07, -0.720793, 0.603822, -0.546102, -0.580665, -2.83662, 10.688, 28.6797)

[node name="CollisionShape3D" type="CollisionShape3D" parent="Sketchfab_Scene/StaticBody3D4"]
transform = Transform3D(0.999999, -2.98023e-08, 0, 1.57952e-06, 1, -2.98023e-08, -7.7486e-07, 2.98023e-08, 1, -0.540037, -0.643607, 0.0555792)
shape = SubResource("BoxShape3D_4c57u")

[node name="PlasticeContainer01" parent="Sketchfab_Scene" instance=ExtResource("4_kek77")]
transform = Transform3D(1, 0, 0, 0, 1, 0, 0, 0, 1, 0.719716, 9.50629, 25.0335)

[node name="PlasticeContainer04" parent="Sketchfab_Scene" instance=ExtResource("5_4c57u")]
transform = Transform3D(1, 0, 0, 0, 1, 0, 0, 0, 1, 1.90325, 9.41612, 23.65)

[node name="StaticBody3D5" type="StaticBody3D" parent="Sketchfab_Scene"]
transform = Transform3D(0.846546, -0.340269, -0.409361, -3.72529e-09, 0.76902, -0.639224, 0.532315, 0.541133, 0.651011, -2.95452, 8.69932, 27.619)

[node name="CollisionShape3D" type="CollisionShape3D" parent="Sketchfab_Scene/StaticBody3D5"]
transform = Transform3D(1, 0, 2.98023e-08, -1.19209e-07, 1, -2.98023e-08, 1.78814e-07, 2.98023e-08, 1, 1.90735e-06, -0.451904, 1.07297)
shape = SubResource("BoxShape3D_dg77c")

[node name="StaticBody3D6" type="StaticBody3D" parent="Sketchfab_Scene"]
transform = Transform3D(-0.409361, -0.340269, -0.846546, -0.639224, 0.76902, 3.35276e-08, 0.651011, 0.541133, -0.532315, -2.95452, 8.69932, 27.619)

[node name="CollisionPolygon3D" type="CollisionPolygon3D" parent="Sketchfab_Scene/StaticBody3D6"]
transform = Transform3D(1, 0, 0, 0, 1, 0, 0, 0, 1, 7.45058e-09, -1.49012e-08, 0.454784)
depth = 0.1
polygon = PackedVector2Array(-0.95717, -0.271091, 1.35416, 1.19518, 2.49698, -0.342712)

[node name="StaticBody3D7" type="StaticBody3D" parent="Sketchfab_Scene"]
transform = Transform3D(-0.409361, -0.340269, -0.846546, -0.639224, 0.76902, 3.35276e-08, 0.651011, 0.541133, -0.532315, -2.25944, 8.69932, 28.056)

[node name="CollisionPolygon3D" type="CollisionPolygon3D" parent="Sketchfab_Scene/StaticBody3D7"]
transform = Transform3D(1, 0, 0, 0, 1, 0, 0, 0, 1, 7.45058e-09, -1.49012e-08, 0.454784)
depth = 0.1
polygon = PackedVector2Array(-0.95717, -0.271091, 1.35416, 1.19518, 2.49698, -0.342712)

[node name="Props" type="Node3D" parent="."]

[node name="Chest" parent="Props" instance=ExtResource("3_7mycd")]
transform = Transform3D(1, 0, 0, 0, 1, 0, 0, 0, 1, -1.9682, 0.366877, 0.819881)

[node name="Chest2" parent="Props" instance=ExtResource("3_7mycd")]
transform = Transform3D(1, 0, 0, 0, 1, 0, 0, 0, 1, -1.9682, 0.745324, 0.819881)

[node name="Chest3" parent="Props" instance=ExtResource("3_7mycd")]
transform = Transform3D(1, 0, 0, 0, 1, 0, 0, 0, 1, -1.9682, 1.15223, 0.819881)

[node name="Chest4" parent="Props" instance=ExtResource("3_7mycd")]
transform = Transform3D(0.681396, 0.731915, 0, -0.731915, 0.681396, 0, 0, 0, 1, -1.342, 0.352818, 0.94539)

[node name="Cone" parent="Props" instance=ExtResource("4_272bh")]
transform = Transform3D(1, 0, 0, 0, 1, 0, 0, 0, 1, -1.7981, 0.515871, -0.617448)

[node name="Cone2" parent="Props" instance=ExtResource("4_272bh")]
transform = Transform3D(1, 0, 0, 0, 1, 0, 0, 0, 1, -0.885082, 0.143365, -0.0580071)

[node name="Cone3" parent="Props" instance=ExtResource("4_272bh")]
transform = Transform3D(1, 0, 0, 0, 1, 0, 0, 0, 1, -1.24541, 0.159809, -0.754611)

[node name="Cone4" parent="Props" instance=ExtResource("4_272bh")]
transform = Transform3D(1, 0, 0, 0, 0.55688, 0.830593, 0, -0.830593, 0.55688, -1.12697, 0.97483, -0.192555)

[node name="Crate" parent="Props" instance=ExtResource("5_5vw27")]
transform = Transform3D(1, 0, 0, 0, 1, 0, 0, 0, 1, -1.90016, 1.82929, 0)

[node name="Crate2" parent="Props" instance=ExtResource("5_5vw27")]
transform = Transform3D(1, 0, 0, 0, 1, 0, 0, 0, 1, -1.98558, 0.662735, -1.49998)

[node name="Crate3" parent="Props" instance=ExtResource("5_5vw27")]
transform = Transform3D(1, 0, 0, 0, 1, 0, 0, 0, 1, -3.35225, 0.662735, -0.11914)

[node name="Barrel" parent="Props" instance=ExtResource("6_kek77")]
transform = Transform3D(1, 0, 0, 0, 1, 0, 0, 0, 1, -1.88603, 3.02469, 0.0839157)

[node name="Barrel2" parent="Props" instance=ExtResource("6_kek77")]
transform = Transform3D(0.00539347, 0.999946, -0.00890147, -0.999962, 0.00545441, 0.00682836, 0.00687658, 0.00886426, 0.999937, -1.88603, 0.711433, 0.0839157)

[node name="Barrel3" parent="Props" instance=ExtResource("6_kek77")]
transform = Transform3D(0.00539347, 0.999946, -0.00890147, -0.999962, 0.00545441, 0.00682836, 0.00687658, 0.00886426, 0.999937, -3.30866, 0.711433, -1.12136)

[node name="Barrel4" parent="Props" instance=ExtResource("6_kek77")]
transform = Transform3D(0.999962, -0.00545445, -0.00682836, 0.00539352, 0.999946, -0.00890147, 0.00687658, 0.00886426, 0.999937, -3.30866, 1.83859, -0.177165)

[node name="Chest5" parent="Props" instance=ExtResource("3_7mycd")]
transform = Transform3D(1, 0, 0, 0, 1, 0, 0, 0, 1, -1.9682, 0.366877, 2.97282)

[node name="Chest6" parent="Props" instance=ExtResource("3_7mycd")]
transform = Transform3D(1, 0, 0, 0, 1, 0, 0, 0, 1, -1.9682, 0.745324, 2.97282)

[node name="Chest7" parent="Props" instance=ExtResource("3_7mycd")]
transform = Transform3D(1, 0, 0, 0, 1, 0, 0, 0, 1, -1.9682, 1.15223, 2.97282)

[node name="Chest8" parent="Props" instance=ExtResource("3_7mycd")]
transform = Transform3D(0.681396, 0.731915, 0, -0.731915, 0.681396, 0, 0, 0, 1, -1.342, 0.352818, 3.09833)

[node name="Cone5" parent="Props" instance=ExtResource("4_272bh")]
transform = Transform3D(1, 0, 0, 0, 1, 0, 0, 0, 1, -1.7981, 0.515871, 1.53549)

[node name="Cone6" parent="Props" instance=ExtResource("4_272bh")]
transform = Transform3D(1, 0, 0, 0, 1, 0, 0, 0, 1, -0.885082, 0.143365, 2.09493)

[node name="Cone7" parent="Props" instance=ExtResource("4_272bh")]
transform = Transform3D(1, 0, 0, 0, 1, 0, 0, 0, 1, -1.24541, 0.159809, 1.39833)

[node name="Crate16" parent="Props" instance=ExtResource("5_5vw27")]
transform = Transform3D(1, 0, 0, 0, 1, 0, 0, 0, 1, -1.98558, 7.2638, -1.49998)

[node name="Crate17" parent="Props" instance=ExtResource("5_5vw27")]
transform = Transform3D(1, 0, 0, 0, 1, 0, 0, 0, 1, -3.35225, 7.2638, -0.11914)

[node name="Barrel18" parent="Props" instance=ExtResource("6_kek77")]
transform = Transform3D(1, 0, 0, 0, 1, 0, 0, 0, 1, -1.88603, 9.62575, 0.0839157)

[node name="Barrel19" parent="Props" instance=ExtResource("6_kek77")]
transform = Transform3D(0.00539347, 0.999946, -0.00890147, -0.999962, 0.00545441, 0.00682836, 0.00687658, 0.00886426, 0.999937, -1.88603, 7.3125, 0.0839157)

[node name="Barrel20" parent="Props" instance=ExtResource("6_kek77")]
transform = Transform3D(0.00539347, 0.999946, -0.00890147, -0.999962, 0.00545441, 0.00682836, 0.00687658, 0.00886426, 0.999937, -3.30866, 7.3125, -1.12136)

[node name="Barrel21" parent="Props" instance=ExtResource("6_kek77")]
transform = Transform3D(0.999962, -0.00545445, -0.00682836, 0.00539352, 0.999946, -0.00890147, 0.00687658, 0.00886426, 0.999937, -3.30866, 8.43965, -0.177165)

[node name="Chest17" parent="Props" instance=ExtResource("3_7mycd")]
transform = Transform3D(1, 0, 0, 0, 1, 0, 0, 0, 1, -1.9682, 6.96794, 2.97282)

[node name="Chest18" parent="Props" instance=ExtResource("3_7mycd")]
transform = Transform3D(1, 0, 0, 0, 1, 0, 0, 0, 1, -1.9682, 7.34639, 2.97282)

[node name="Chest19" parent="Props" instance=ExtResource("3_7mycd")]
transform = Transform3D(1, 0, 0, 0, 1, 0, 0, 0, 1, -1.9682, 7.75329, 2.97282)

[node name="Chest20" parent="Props" instance=ExtResource("3_7mycd")]
transform = Transform3D(0.681396, 0.731915, 0, -0.731915, 0.681396, 0, 0, 0, 1, -1.342, 6.95388, 3.09833)

[node name="Cone17" parent="Props" instance=ExtResource("4_272bh")]
transform = Transform3D(1, 0, 0, 0, 1, 0, 0, 0, 1, -1.7981, 7.11694, 1.53549)

[node name="Cone18" parent="Props" instance=ExtResource("4_272bh")]
transform = Transform3D(1, 0, 0, 0, 1, 0, 0, 0, 1, -0.885082, 6.74443, 2.09493)

[node name="Cone19" parent="Props" instance=ExtResource("4_272bh")]
transform = Transform3D(1, 0, 0, 0, 1, 0, 0, 0, 1, -1.24541, 6.76087, 1.39833)

[node name="Cone8" parent="Props" instance=ExtResource("4_272bh")]
transform = Transform3D(1, 0, 0, 0, 0.55688, 0.830593, 0, -0.830593, 0.55688, -1.12697, 0.97483, 1.96038)

[node name="Crate4" parent="Props" instance=ExtResource("5_5vw27")]
transform = Transform3D(1, 0, 0, 0, 1, 0, 0, 0, 1, -1.90016, 1.82929, 2.15294)

[node name="Crate5" parent="Props" instance=ExtResource("5_5vw27")]
transform = Transform3D(1, 0, 0, 0, 1, 0, 0, 0, 1, -1.98558, 0.662735, 0.652957)

[node name="Crate6" parent="Props" instance=ExtResource("5_5vw27")]
transform = Transform3D(1, 0, 0, 0, 1, 0, 0, 0, 1, -3.35225, 0.662735, 2.0338)

[node name="Barrel5" parent="Props" instance=ExtResource("6_kek77")]
transform = Transform3D(1, 0, 0, 0, 1, 0, 0, 0, 1, -1.88603, 3.02469, 2.23685)

[node name="Barrel6" parent="Props" instance=ExtResource("6_kek77")]
transform = Transform3D(0.00539347, 0.999946, -0.00890147, -0.999962, 0.00545441, 0.00682836, 0.00687658, 0.00886426, 0.999937, -1.88603, 0.711433, 2.23685)

[node name="Barrel7" parent="Props" instance=ExtResource("6_kek77")]
transform = Transform3D(0.00539347, 0.999946, -0.00890147, -0.999962, 0.00545441, 0.00682836, 0.00687658, 0.00886426, 0.999937, -3.30866, 0.711433, 1.03158)

[node name="Barrel8" parent="Props" instance=ExtResource("6_kek77")]
transform = Transform3D(0.999962, -0.00545445, -0.00682836, 0.00539352, 0.999946, -0.00890147, 0.00687658, 0.00886426, 0.999937, -3.30866, 1.83859, 1.97577)

[node name="Chest9" parent="Props" instance=ExtResource("3_7mycd")]
transform = Transform3D(1, 0, 0, 0, 1, 0, 0, 0, 1, -5.29603, 0.366877, 2.97282)

[node name="Chest10" parent="Props" instance=ExtResource("3_7mycd")]
transform = Transform3D(1, 0, 0, 0, 1, 0, 0, 0, 1, -5.29603, 0.745324, 2.97282)

[node name="Chest11" parent="Props" instance=ExtResource("3_7mycd")]
transform = Transform3D(1, 0, 0, 0, 1, 0, 0, 0, 1, -5.29603, 1.15223, 2.97282)

[node name="Chest12" parent="Props" instance=ExtResource("3_7mycd")]
transform = Transform3D(0.681396, 0.731915, 0, -0.731915, 0.681396, 0, 0, 0, 1, -4.66983, 0.352818, 3.09833)

[node name="Cone9" parent="Props" instance=ExtResource("4_272bh")]
transform = Transform3D(1, 0, 0, 0, 1, 0, 0, 0, 1, -5.12594, 0.515871, 1.53549)

[node name="Cone10" parent="Props" instance=ExtResource("4_272bh")]
transform = Transform3D(1, 0, 0, 0, 1, 0, 0, 0, 1, -4.21291, 0.143365, 2.09493)

[node name="Cone11" parent="Props" instance=ExtResource("4_272bh")]
transform = Transform3D(1, 0, 0, 0, 1, 0, 0, 0, 1, -4.57324, 0.159809, 1.39833)

[node name="Cone12" parent="Props" instance=ExtResource("4_272bh")]
transform = Transform3D(1, 0, 0, 0, 0.55688, 0.830593, 0, -0.830593, 0.55688, -4.4548, 0.97483, 1.96038)

[node name="Crate7" parent="Props" instance=ExtResource("5_5vw27")]
transform = Transform3D(1, 0, 0, 0, 1, 0, 0, 0, 1, -5.22799, 1.82929, 2.15294)

[node name="Crate8" parent="Props" instance=ExtResource("5_5vw27")]
transform = Transform3D(1, 0, 0, 0, 1, 0, 0, 0, 1, -5.31342, 0.662735, 0.652957)

[node name="Crate13" parent="Props" instance=ExtResource("5_5vw27")]
transform = Transform3D(1, 0, 0, 0, 1, 0, 0, 0, 1, -5.31342, 1.96185, 0.652957)

[node name="Crate14" parent="Props" instance=ExtResource("5_5vw27")]
transform = Transform3D(1, 0, 0, 0, 1, 0, 0, 0, 1, -5.31342, 3.13127, 0.652957)

[node name="Crate15" parent="Props" instance=ExtResource("5_5vw27")]
transform = Transform3D(1, 0, 0, 0, 1, 0, 0, 0, 1, -5.31342, 4.44954, 0.652957)

[node name="Crate9" parent="Props" instance=ExtResource("5_5vw27")]
transform = Transform3D(1, 0, 0, 0, 1, 0, 0, 0, 1, -6.68008, 0.662735, 2.0338)

[node name="Barrel9" parent="Props" instance=ExtResource("6_kek77")]
transform = Transform3D(1, 0, 0, 0, 1, 0, 0, 0, 1, -5.21386, 3.02469, 2.23685)

[node name="Barrel10" parent="Props" instance=ExtResource("6_kek77")]
transform = Transform3D(0.00539347, 0.999946, -0.00890147, -0.999962, 0.00545441, 0.00682836, 0.00687658, 0.00886426, 0.999937, -5.21386, 0.711433, 2.23685)

[node name="Barrel11" parent="Props" instance=ExtResource("6_kek77")]
transform = Transform3D(0.00539347, 0.999946, -0.00890147, -0.999962, 0.00545441, 0.00682836, 0.00687658, 0.00886426, 0.999937, -6.63649, 0.711433, 1.03158)

[node name="Barrel12" parent="Props" instance=ExtResource("6_kek77")]
transform = Transform3D(0.999962, -0.00545445, -0.00682836, 0.00539352, 0.999946, -0.00890147, 0.00687658, 0.00886426, 0.999937, -6.63649, 1.83859, 1.97577)

[node name="Chest13" parent="Props" instance=ExtResource("3_7mycd")]
transform = Transform3D(1, 0, 0, 0, 1, 0, 0, 0, 1, -5.29603, 0.366877, -0.411273)

[node name="Chest14" parent="Props" instance=ExtResource("3_7mycd")]
transform = Transform3D(1, 0, 0, 0, 1, 0, 0, 0, 1, -5.29603, 0.745324, -0.411273)

[node name="Chest15" parent="Props" instance=ExtResource("3_7mycd")]
transform = Transform3D(1, 0, 0, 0, 1, 0, 0, 0, 1, -5.29603, 1.15223, -0.411273)

[node name="Chest16" parent="Props" instance=ExtResource("3_7mycd")]
transform = Transform3D(0.681396, 0.731915, 0, -0.731915, 0.681396, 0, 0, 0, 1, -4.66983, 0.352818, -0.285764)

[node name="Cone13" parent="Props" instance=ExtResource("4_272bh")]
transform = Transform3D(1, 0, 0, 0, 1, 0, 0, 0, 1, -5.12594, 0.515871, -1.8486)

[node name="Cone14" parent="Props" instance=ExtResource("4_272bh")]
transform = Transform3D(1, 0, 0, 0, 1, 0, 0, 0, 1, -4.21291, 0.143365, -1.28916)

[node name="Cone15" parent="Props" instance=ExtResource("4_272bh")]
transform = Transform3D(1, 0, 0, 0, 1, 0, 0, 0, 1, -4.57324, 0.159809, -1.98577)

[node name="Cone16" parent="Props" instance=ExtResource("4_272bh")]
transform = Transform3D(1, 0, 0, 0, 0.55688, 0.830593, 0, -0.830593, 0.55688, -4.4548, 0.97483, -1.42371)

[node name="Crate10" parent="Props" instance=ExtResource("5_5vw27")]
transform = Transform3D(1, 0, 0, 0, 1, 0, 0, 0, 1, -5.22799, 1.82929, -1.23115)

[node name="Crate11" parent="Props" instance=ExtResource("5_5vw27")]
transform = Transform3D(1, 0, 0, 0, 1, 0, 0, 0, 1, -5.31342, 0.662735, -2.73114)

[node name="Crate12" parent="Props" instance=ExtResource("5_5vw27")]
transform = Transform3D(1, 0, 0, 0, 1, 0, 0, 0, 1, -6.68008, 0.662735, -1.35029)

[node name="Barrel13" parent="Props" instance=ExtResource("6_kek77")]
transform = Transform3D(1, 0, 0, 0, 1, 0, 0, 0, 1, -5.21386, 5.62845, 0.468992)

[node name="Barrel17" parent="Props" instance=ExtResource("6_kek77")]
transform = Transform3D(1, 0, 0, 0, 1, 0, 0, 0, 1, -5.21386, 3.02469, -1.14724)

[node name="Barrel14" parent="Props" instance=ExtResource("6_kek77")]
transform = Transform3D(0.00539347, 0.999946, -0.00890147, -0.999962, 0.00545441, 0.00682836, 0.00687658, 0.00886426, 0.999937, -5.21386, 0.711433, -1.14724)

[node name="Barrel15" parent="Props" instance=ExtResource("6_kek77")]
transform = Transform3D(0.00539347, 0.999946, -0.00890147, -0.999962, 0.00545441, 0.00682836, 0.00687658, 0.00886426, 0.999937, -6.63649, 0.711433, -2.35252)

[node name="Barrel16" parent="Props" instance=ExtResource("6_kek77")]
transform = Transform3D(0.999962, -0.00545445, -0.00682836, 0.00539352, 0.999946, -0.00890147, 0.00687658, 0.00886426, 0.999937, -6.63649, 1.83859, -1.40832)
