[gd_scene load_steps=5 format=3 uid="uid://d3i5fdb6hnw51"]

[ext_resource type="PackedScene" uid="uid://bt6p8oqeu6yc2" path="res://models/Arm Desk Lamp/desk_lamp_arm_01_1k.gltf" id="1_csdp7"]

[sub_resource type="BoxShape3D" id="BoxShape3D_736a6"]
size = Vector3(0.0541992, 0.496521, 0.03302)

[sub_resource type="BoxShape3D" id="BoxShape3D_k70pw"]
size = Vector3(0.038208, 0.0449219, 0.517456)

[sub_resource type="CylinderShape3D" id="CylinderShape3D_mbkje"]
height = 0.175278
radius = 0.101563

[node name="DeskLampArm" type="RigidBody3D"]
collision_layer = 2
collision_mask = 7

[node name="desk_lamp_arm_01_1k" parent="." instance=ExtResource("1_csdp7")]

[node name="CollisionShape3D" type="CollisionShape3D" parent="."]
transform = Transform3D(1, 0, 0, 0, 0.791117, -0.611665, 0, 0.611665, 0.791117, -0.000244141, 0.208071, 0.154302)
shape = SubResource("BoxShape3D_736a6")

[node name="CollisionShape3D2" type="CollisionShape3D" parent="."]
transform = Transform3D(1, 0, 0, 0, 0.765202, -0.64379, 0, 0.64379, 0.765202, 0.000671387, 0.540285, 0.106201)
shape = SubResource("BoxShape3D_k70pw")

[node name="CollisionShape3D3" type="CollisionShape3D" parent="."]
transform = Transform3D(0.967241, 0.210449, -0.141971, -0.248833, 0.896698, -0.36608, 0.050264, 0.389415, 0.91969, 0.00244918, 0.716307, -0.170661)
shape = SubResource("CylinderShape3D_mbkje")
